[KINEMATICS]
dh = [[1.5707963267948966, 0, 0, 2], [0, 2, 0, 0], [1.5707963267948966, 0, 0, 2], [1.5707963267948966, 0, 0, 2], [1.5707963267948966, 0, 0, 0], [0, 0, 0, 2]]
dof = 6

[LIMITS]
joint_min = [-3.141592653589793, -3.141592653589793, -3.141592653589793, -3.141592653589793, -3.141592653589793, -3.141592653589793]
joint_max = [3.141592653589793, 3.141592653589793, 3.141592653589793, 3.141592653589793, 3.141592653589793, 3.141592653589793]

[DEFAULTS]
tool_position = [0, 0, 0]
home_position = [0, 0, 0, 0, 0, 0]
world_frame = [0, 0, 0, 0, 0, 0]

